平均
w : 216.6165557340678 
h : 75.1964195547395

最大
w : 1342 
h : 271